precision_pair:0.013324736728963412

recall_pair:0.06256306760784497

f1_pair:0.02197023098151158

weighted_precision:0.029337216875543783

weighted_recall:0.06256306760518394

weighted_f1:0.036360650554477056

